,Followers,Following,Avg Likes,Avg Comments,Engagement Rate,Like-Comment Ratio,Honesty Risk Score
Followers,1.0,-0.641,0.957,0.919,0.561,-0.533,-0.809
Following,-0.641,1.0,-0.67,-0.688,-0.785,0.752,0.776
Avg Likes,0.957,-0.67,1.0,0.983,0.722,-0.68,-0.884
Avg Comments,0.919,-0.688,0.983,1.0,0.763,-0.726,-0.887
Engagement Rate,0.561,-0.785,0.722,0.763,1.0,-0.921,-0.844
Like-Comment Ratio,-0.533,0.752,-0.68,-0.726,-0.921,1.0,0.912
Honesty Risk Score,-0.809,0.776,-0.884,-0.887,-0.844,0.912,1.0
